1 268 0 0
1 288 0 0
1 304 0 0
1 308 0 0
1 323 0 0
1 326 0 0
1 334 0 0
2 326 0 0
2 334 0 0
3 326 0 0
3 350 0 0
3 364 0 0
3 385 0 0
4 370 0 0
4 378 0 0
4 385 0 0
4 409 0 0
4 421 0 0
5 359 0 0
5 370 0 0
5 385 0 0
5 397 0 0
5 421 0 0
6 257 0 0
6 268 0 0
6 288 0 0
6 304 0 0
6 308 0 0
6 323 0 0
6 324 0 0
6 326 0 0
6 334 0 0
7 386 0 0
7 408 0 0
8 339 0 0
8 358 0 0
9 61 0 0
9 155 0 0
9 156 0 0
9 242 0 0
9 269 0 0
9 315 0 0
9 339 0 0
9 358 0 0
10 61 0 0
10 156 0 0
10 242 0 0
10 269 0 0
10 339 0 0
10 358 0 0
11 195 0 0
11 198 0 0
12 61 0 0
12 155 0 0
12 156 0 0
12 242 0 0
12 269 0 0
12 339 0 0
12 358 0 0
13 87 0 0
13 170 0 0
13 185 0 0
14 269 0 0
15 94 0 0
15 118 0 0
15 128 0 0
15 164 0 0
15 424 0 0
16 169 0 0
16 170 0 0
16 239 0 0
17 303 0 0
17 358 0 0
18 356 0 0
19 99 0 0
19 100 0 0
19 195 0 0
19 267 0 0
19 344 0 0
20 356 0 0
21 305 0 0
21 318 0 0
22 41 0 0
22 356 0 0
23 425 0 0
24 318 0 0
25 342 0 0
26 318 0 0
26 425 0 0
27 272 0 0
27 295 0 0
27 306 0 0
28 189 0 0
28 219 0 0
28 265 0 0
28 277 0 0
28 360 0 0
29 192 0 0
29 329 0 0
30 253 0 0
30 261 0 0
30 271 0 0
30 293 0 0
30 325 0 0
31 47 0 0
31 56 0 0
31 81 0 0
31 103 0 0
31 150 0 0
31 183 0 0
31 291 0 0
32 279 0 0
33 251 0 0
33 335 0 0
34 294 0 0
35 318 0 0
36 217 0 0
37 403 0 0
37 406 0 0
38 364 0 0
39 22 0 0
39 73 0 0
39 173 0 0
39 189 0 0
39 219 0 0
39 265 0 0
39 277 0 0
39 360 0 0
39 396 0 0
40 20 0 0
40 71 0 0
40 131 0 0
40 148 0 0
40 182 0 0
40 207 0 0
40 261 0 0
40 272 0 0
40 325 0 0
41 23 0 0
41 47 0 0
41 53 0 0
41 54 0 0
41 174 0 0
41 315 0 0
42 48 0 0
43 329 0 0
43 341 0 0
44 295 0 0
44 316 0 0
45 58 0 0
45 71 0 0
45 148 0 0
45 365 0 0
45 381 0 0
46 1 0 0
46 20 0 0
46 23 0 0
46 32 0 0
46 39 0 0
46 47 0 0
46 53 0 0
46 54 0 0
46 80 0 0
46 93 0 0
46 151 0 0
46 157 0 0
46 174 0 0
46 202 0 0
46 272 0 0
46 291 0 0
46 294 0 0
46 348 0 0
47 23 0 0
47 47 0 0
47 48 0 0
47 53 0 0
47 54 0 0
47 56 0 0
48 306 0 0
49 47 0 0
49 56 0 0
49 81 0 0
49 103 0 0
49 150 0 0
49 183 0 0
49 205 0 0
49 291 0 0
50 157 0 0
51 186 0 0
51 190 0 0
51 276 0 0
52 186 0 0
52 259 0 0
53 295 0 0
53 306 0 0
54 315 0 0
54 403 0 0
55 1 0 0
55 47 0 0
55 54 0 0
55 89 0 0
55 135 0 0
55 157 0 0
55 228 0 0
55 247 0 0
55 254 0 0
55 272 0 0
55 360 0 0
55 404 0 0
56 420 0 0
57 79 0 0
57 306 0 0
58 1 0 0
58 47 0 0
58 54 0 0
58 89 0 0
58 135 0 0
58 157 0 0
58 247 0 0
58 254 0 0
59 38 0 0
59 79 0 0
60 79 0 0
60 315 0 0
61 1 0 0
61 23 0 0
61 38 0 0
61 47 0 0
61 135 0 0
61 157 0 0
61 174 0 0
61 193 0 0
61 228 0 0
61 247 0 0
61 254 0 0
61 295 0 0
61 315 0 0
61 343 0 0
61 363 0 0
62 233 0 0
63 35 0 0
63 86 0 0
63 100 0 0
63 121 0 0
63 159 0 0
63 194 0 0
63 210 0 0
63 224 0 0
63 309 0 0
63 379 0 0
63 388 0 0
64 322 0 0
64 328 0 0
65 342 0 0
66 100 0 0
66 115 0 0
67 7 0 0
67 63 0 0
67 184 0 0
68 7 0 0
68 8 0 0
68 31 0 0
68 46 0 0
68 92 0 0
68 307 0 0
68 328 0 0
68 422 0 0
69 70 0 0
69 100 0 0
69 115 0 0
69 121 0 0
69 139 0 0
69 159 0 0
69 194 0 0
69 210 0 0
69 224 0 0
69 234 0 0
69 309 0 0
69 379 0 0
69 388 0 0
70 226 0 0
71 117 0 0
71 410 0 0
71 419 0 0
72 338 0 0
73 320 0 0
74 25 0 0
74 285 0 0
75 390 0 0
76 168 0 0
76 227 0 0
76 230 0 0
76 236 0 0
76 338 0 0
77 318 0 0
78 258 0 0
78 410 0 0
79 320 0 0
80 27 0 0
80 68 0 0
80 78 0 0
80 170 0 0
80 185 0 0
80 275 0 0
80 279 0 0
80 280 0 0
80 290 0 0
80 306 0 0
80 307 0 0
80 315 0 0
80 341 0 0
80 343 0 0
80 401 0 0
80 413 0 0
80 419 0 0
81 199 0 0
81 380 0 0
82 280 0 0
82 307 0 0
82 315 0 0
82 343 0 0
82 413 0 0
83 343 0 0
83 363 0 0
