1 13 0 0
1 14 0 0
1 15 0 0
1 72 0 0
1 79 0 0
1 138 0 0
1 142 0 0
1 164 0 0
1 165 0 0
1 166 0 0
1 167 0 0
1 168 0 0
1 169 0 0
1 170 0 0
1 171 0 0
1 172 0 0
1 180 0 0
1 181 0 0
1 182 0 0
1 183 0 0
1 184 0 0
1 185 0 0
1 186 0 0
1 211 0 0
1 212 0 0
1 499 0 0
1 500 0 0
1 501 0 0
1 502 0 0
1 503 0 0
1 504 0 0
1 506 0 0
1 507 0 0
1 508 0 0
1 510 0 0
1 511 0 0
1 513 0 0
2 80 0 0
2 90 0 0
2 162 0 0
2 187 0 0
2 236 0 0
2 237 0 0
2 258 0 0
2 289 0 0
2 290 0 0
2 292 0 0
2 293 0 0
2 294 0 0
2 296 0 0
2 300 0 0
2 301 0 0
2 303 0 0
3 59 0 0
3 62 0 0
3 67 0 0
3 69 0 0
3 70 0 0
3 71 0 0
3 73 0 0
3 78 0 0
3 81 0 0
3 160 0 0
3 163 0 0
3 230 0 0
3 231 0 0
3 232 0 0
3 233 0 0
3 234 0 0
3 276 0 0
3 277 0 0
3 279 0 0
3 282 0 0
3 283 0 0
3 287 0 0
4 93 0 0
4 94 0 0
4 96 0 0
4 141 0 0
4 173 0 0
4 174 0 0
4 175 0 0
4 176 0 0
4 177 0 0
4 178 0 0
4 207 0 0
4 208 0 0
4 209 0 0
4 210 0 0
4 259 0 0
4 396 0 0
4 397 0 0
4 399 0 0
4 400 0 0
4 404 0 0
4 405 0 0
4 406 0 0
4 408 0 0
5 1 0 0
5 2 0 0
5 4 0 0
5 5 0 0
5 6 0 0
5 7 0 0
5 8 0 0
5 9 0 0
5 10 0 0
5 11 0 0
5 12 0 0
5 158 0 0
5 159 0 0
5 188 0 0
5 304 0 0
5 305 0 0
5 306 0 0
5 307 0 0
5 325 0 0
5 326 0 0
5 327 0 0
5 329 0 0
5 330 0 0
5 331 0 0
5 332 0 0
5 333 0 0
6 112 0 0
6 115 0 0
6 116 0 0
6 118 0 0
6 122 0 0
6 238 0 0
6 239 0 0
6 242 0 0
6 260 0 0
6 309 0 0
6 320 0 0
6 321 0 0
6 323 0 0
7 92 0 0
7 121 0 0
7 189 0 0
7 247 0 0
7 261 0 0
7 382 0 0
7 385 0 0
7 386 0 0
7 387 0 0
7 388 0 0
7 389 0 0
7 390 0 0
7 391 0 0
7 392 0 0
7 393 0 0
8 52 0 0
8 60 0 0
8 61 0 0
8 123 0 0
8 190 0 0
8 251 0 0
8 262 0 0
8 263 0 0
8 264 0 0
8 265 0 0
8 266 0 0
9 30 0 0
9 31 0 0
9 53 0 0
9 56 0 0
9 57 0 0
9 64 0 0
9 83 0 0
9 84 0 0
9 89 0 0
9 124 0 0
9 125 0 0
9 126 0 0
9 192 0 0
9 252 0 0
9 253 0 0
9 267 0 0
9 268 0 0
9 269 0 0
9 270 0 0
9 271 0 0
9 272 0 0
9 273 0 0
9 409 0 0
9 412 0 0
9 415 0 0
9 420 0 0
9 421 0 0
9 422 0 0
10 54 0 0
10 55 0 0
10 58 0 0
10 152 0 0
10 153 0 0
10 154 0 0
10 155 0 0
10 254 0 0
10 255 0 0
10 256 0 0
10 257 0 0
10 529 0 0
10 531 0 0
10 532 0 0
10 533 0 0
10 534 0 0
10 535 0 0
10 537 0 0
10 538 0 0
10 539 0 0
10 540 0 0
10 541 0 0
10 542 0 0
10 543 0 0
11 32 0 0
11 63 0 0
11 66 0 0
11 148 0 0
11 150 0 0
11 225 0 0
11 226 0 0
11 228 0 0
11 229 0 0
11 440 0 0
11 441 0 0
11 444 0 0
11 445 0 0
11 446 0 0
11 447 0 0
11 448 0 0
11 451 0 0
11 452 0 0
12 16 0 0
12 17 0 0
12 19 0 0
12 20 0 0
12 193 0 0
12 364 0 0
12 365 0 0
12 366 0 0
12 367 0 0
13 21 0 0
13 22 0 0
13 143 0 0
13 144 0 0
13 145 0 0
13 146 0 0
13 194 0 0
13 195 0 0
13 196 0 0
13 197 0 0
13 198 0 0
13 199 0 0
13 470 0 0
13 471 0 0
13 474 0 0
13 475 0 0
13 477 0 0
13 478 0 0
13 479 0 0
13 481 0 0
13 483 0 0
14 23 0 0
14 24 0 0
14 25 0 0
14 26 0 0
14 28 0 0
14 29 0 0
14 454 0 0
14 455 0 0
14 456 0 0
14 457 0 0
14 459 0 0
14 461 0 0
14 463 0 0
14 466 0 0
14 467 0 0
14 468 0 0
15 33 0 0
15 34 0 0
15 101 0 0
15 102 0 0
15 104 0 0
15 105 0 0
15 107 0 0
15 109 0 0
15 110 0 0
15 140 0 0
15 215 0 0
15 216 0 0
15 218 0 0
15 219 0 0
15 220 0 0
15 222 0 0
15 349 0 0
15 350 0 0
15 351 0 0
15 352 0 0
15 353 0 0
15 355 0 0
15 356 0 0
15 357 0 0
15 358 0 0
15 359 0 0
15 361 0 0
15 362 0 0
15 363 0 0
16 35 0 0
16 36 0 0
16 98 0 0
16 99 0 0
16 202 0 0
16 205 0 0
16 484 0 0
16 487 0 0
16 488 0 0
16 490 0 0
16 492 0 0
16 493 0 0
16 495 0 0
17 37 0 0
17 38 0 0
17 39 0 0
17 41 0 0
17 42 0 0
17 127 0 0
17 129 0 0
17 130 0 0
17 131 0 0
17 132 0 0
17 133 0 0
17 334 0 0
17 335 0 0
17 337 0 0
17 338 0 0
17 339 0 0
17 340 0 0
17 341 0 0
17 342 0 0
17 346 0 0
17 348 0 0
18 43 0 0
18 514 0 0
18 515 0 0
18 516 0 0
18 517 0 0
18 518 0 0
18 519 0 0
18 521 0 0
18 522 0 0
18 523 0 0
18 524 0 0
18 525 0 0
18 526 0 0
18 527 0 0
18 528 0 0
19 544 0 0
19 545 0 0
19 549 0 0
19 550 0 0
19 555 0 0
19 560 0 0
19 562 0 0
19 563 0 0
19 564 0 0
19 565 0 0
19 566 0 0
19 844 0 0
19 845 0 0
19 846 0 0
19 847 0 0
19 854 0 0
19 856 0 0
19 857 0 0
19 858 0 0
19 859 0 0
19 860 0 0
19 861 0 0
19 862 0 0
19 864 0 0
19 865 0 0
19 866 0 0
19 867 0 0
20 567 0 0
20 570 0 0
20 571 0 0
20 573 0 0
20 574 0 0
20 575 0 0
20 576 0 0
20 577 0 0
20 578 0 0
20 580 0 0
20 581 0 0
20 584 0 0
20 585 0 0
20 588 0 0
20 589 0 0
20 590 0 0
20 593 0 0
20 594 0 0
20 595 0 0
20 596 0 0
20 597 0 0
20 598 0 0
20 599 0 0
20 601 0 0
20 602 0 0
20 848 0 0
20 869 0 0
20 870 0 0
20 871 0 0
20 872 0 0
20 873 0 0
20 874 0 0
20 875 0 0
20 876 0 0
20 877 0 0
20 878 0 0
20 879 0 0
20 880 0 0
20 883 0 0
21 604 0 0
21 605 0 0
21 608 0 0
21 610 0 0
21 612 0 0
21 613 0 0
21 615 0 0
21 616 0 0
21 618 0 0
21 619 0 0
21 620 0 0
21 622 0 0
21 626 0 0
21 630 0 0
21 631 0 0
21 884 0 0
21 885 0 0
21 886 0 0
21 888 0 0
21 890 0 0
21 891 0 0
21 892 0 0
21 893 0 0
21 894 0 0
21 895 0 0
21 896 0 0
21 898 0 0
22 633 0 0
22 635 0 0
22 636 0 0
22 638 0 0
22 640 0 0
22 641 0 0
22 643 0 0
22 644 0 0
22 645 0 0
22 647 0 0
22 648 0 0
22 651 0 0
22 652 0 0
22 654 0 0
22 655 0 0
22 656 0 0
22 657 0 0
22 658 0 0
22 659 0 0
22 660 0 0
22 899 0 0
22 900 0 0
22 901 0 0
22 904 0 0
22 907 0 0
23 797 0 0
23 798 0 0
23 799 0 0
23 800 0 0
23 801 0 0
23 802 0 0
23 803 0 0
23 804 0 0
23 805 0 0
23 806 0 0
23 807 0 0
23 808 0 0
23 809 0 0
23 810 0 0
23 811 0 0
23 812 0 0
23 813 0 0
23 814 0 0
23 815 0 0
23 816 0 0
23 817 0 0
23 818 0 0
23 819 0 0
23 820 0 0
23 821 0 0
23 822 0 0
23 849 0 0
23 914 0 0
23 915 0 0
23 916 0 0
23 917 0 0
23 918 0 0
23 919 0 0
23 921 0 0
23 922 0 0
23 923 0 0
23 924 0 0
23 927 0 0
23 928 0 0
24 663 0 0
24 666 0 0
24 667 0 0
24 668 0 0
24 670 0 0
24 674 0 0
24 682 0 0
24 684 0 0
24 686 0 0
24 850 0 0
24 851 0 0
24 852 0 0
24 929 0 0
24 930 0 0
24 932 0 0
24 935 0 0
24 936 0 0
24 938 0 0
24 940 0 0
24 941 0 0
24 942 0 0
24 943 0 0
25 687 0 0
25 688 0 0
25 689 0 0
25 690 0 0
25 691 0 0
25 692 0 0
25 693 0 0
25 694 0 0
25 695 0 0
25 697 0 0
25 698 0 0
25 699 0 0
25 944 0 0
25 945 0 0
25 947 0 0
25 948 0 0
25 949 0 0
25 951 0 0
25 952 0 0
25 953 0 0
25 954 0 0
25 955 0 0
25 956 0 0
25 958 0 0
26 708 0 0
26 712 0 0
26 713 0 0
26 714 0 0
26 715 0 0
26 716 0 0
26 717 0 0
26 719 0 0
26 721 0 0
26 722 0 0
26 723 0 0
26 724 0 0
26 725 0 0
26 726 0 0
26 959 0 0
26 960 0 0
26 961 0 0
26 962 0 0
26 963 0 0
26 964 0 0
26 965 0 0
26 966 0 0
26 967 0 0
26 968 0 0
26 969 0 0
26 970 0 0
26 972 0 0
26 973 0 0
27 727 0 0
27 728 0 0
27 729 0 0
27 730 0 0
27 731 0 0
27 732 0 0
27 733 0 0
27 734 0 0
27 735 0 0
27 736 0 0
27 737 0 0
27 738 0 0
27 739 0 0
27 769 0 0
27 975 0 0
27 977 0 0
27 980 0 0
27 984 0 0
28 770 0 0
28 771 0 0
28 772 0 0
28 773 0 0
28 774 0 0
28 775 0 0
28 776 0 0
28 777 0 0
28 778 0 0
28 779 0 0
28 780 0 0
28 782 0 0
28 783 0 0
28 784 0 0
28 785 0 0
28 786 0 0
28 787 0 0
28 788 0 0
28 789 0 0
28 790 0 0
28 791 0 0
28 792 0 0
28 793 0 0
28 795 0 0
28 796 0 0
28 989 0 0
28 990 0 0
28 991 0 0
28 992 0 0
28 993 0 0
28 994 0 0
28 995 0 0
28 996 0 0
28 997 0 0
28 999 0 0
28 1000 0 0
28 1001 0 0
28 1002 0 0
28 1003 0 0
29 740 0 0
29 741 0 0
29 742 0 0
29 743 0 0
29 744 0 0
29 745 0 0
29 746 0 0
29 747 0 0
29 748 0 0
29 749 0 0
29 750 0 0
29 751 0 0
29 752 0 0
29 754 0 0
29 757 0 0
29 759 0 0
29 760 0 0
29 761 0 0
29 762 0 0
29 763 0 0
29 764 0 0
29 765 0 0
29 766 0 0
29 767 0 0
29 768 0 0
29 853 0 0
29 1004 0 0
29 1006 0 0
29 1007 0 0
29 1008 0 0
29 1009 0 0
29 1010 0 0
29 1012 0 0
29 1013 0 0
29 1015 0 0
29 1016 0 0
29 1017 0 0
30 823 0 0
30 825 0 0
30 827 0 0
30 831 0 0
30 843 0 0
30 1019 0 0
30 1020 0 0
30 1021 0 0
30 1022 0 0
30 1024 0 0
30 1026 0 0
30 1027 0 0
30 1032 0 0
30 1033 0 0
