1 1071 0.552422157047008
1 1938 0.5447670420505112
1 2371 0.5421393180573578
1 2319 0.5084751798731267
1 1680 0.503681768861609
1 1572 0.4854680364376411
1 1591 0.4784116216161057
2 356 0.12909944487358055
2 740 0.12909944487358055
2 136 0.11785113019775793
2 1345 0.10369516947304251
2 597 0.10206207261596574
2 1183 0.09016696346674322
2 1755 0.08006407690254358
3 1496 0.47075654176200427
3 2652 0.4026936331284147
3 205 0.37796447300922725
3 1162 0.335624311039769
3 1134 0.3299144395369291
3 799 0.3195048252113471
3 1149 0.3086066999241838
4 3101 0.29319773580418684
4 2939 0.2782074420373285
4 824 0.20855975806414703
4 2377 0.2063452349882727
4 3128 0.20140305712187073
4 2914 0.20121090914638343
4 1087 0.1813690625275029
5 2003 0.22805941265472068
5 267 0.20203050891044214
5 2716 0.2018525868073155
5 1675 0.18333969940564224
5 2105 0.18333969940564224
5 3144 0.18274347116195183
5 1742 0.17521916101261556
6 356 0.22360679774997896
6 740 0.22360679774997896
6 136 0.20412414523193154
6 2826 0.15569978883230456
6 2306 0.15
6 1755 0.1386750490563073
6 438 0.1336306209562122
7 356 0.38138503569823684
7 740 0.38138503569823684
7 2042 0.3553345272593507
7 2509 0.3553345272593507
7 371 0.35478743759344955
7 2657 0.34815531191139576
7 1863 0.337099931231621
8 2371 0.41007219361973263
8 2625 0.40683810217248606
8 2951 0.40066280078597893
8 1685 0.37451267035941554
8 2776 0.37065236754955916
8 1505 0.3530939318018998
8 1695 0.3481553119113957
9 2371 0.5760230254359426
9 3068 0.49354811679282456
9 1685 0.4469901562676742
9 2319 0.43913765534497307
9 1591 0.43491965601464155
9 2951 0.4303808866757067
9 1695 0.43007561540389033
10 2785 0.5659164584181103
10 1262 0.5360562674188973
10 1306 0.5238095238095238
10 1162 0.5089241902460765
10 1496 0.4891995904702286
10 1366 0.4700094170487716
10 3198 0.46676002800933647
11 2246 0.4879500364742667
11 2717 0.4216370213557839
11 2906 0.39413171126571717
11 1162 0.38169314268455734
11 1860 0.38124642583151164
11 2316 0.3746343246326777
11 2699 0.3621429841700742
12 2319 0.5773502691896258
12 1591 0.5432144762551112
12 2379 0.5205792062953536
12 2740 0.5123155195785599
12 1680 0.5061710682435309
12 3127 0.49770113724839793
12 3068 0.48666426339228763
13 2897 0.48670858416678814
13 2748 0.4724555912615339
13 1795 0.35355339059327373
13 2491 0.33806170189140655
13 48 0.3241018617760823
13 1362 0.3234231136765757
13 1652 0.3026137663344014
14 2337 0.35355339059327373
14 2348 0.35355339059327373
14 2272 0.34815531191139565
14 2146 0.3202563076101742
14 3054 0.30194054243855883
14 1919 0.30151134457776363
14 1980 0.30151134457776363
15 1231 0.4200840252084029
15 2900 0.4029715637523827
15 2351 0.36380343755449945
15 115 0.32539568672798425
15 2897 0.30552608879666987
15 3085 0.3049247893083224
15 1999 0.2970442628930023
16 2740 0.39284947328641956
16 2378 0.36769552621700463
16 2376 0.35138211074996695
16 1680 0.31684721375253555
16 2319 0.31622776601683794
16 1591 0.314060312330961
16 2629 0.3086066999241839
17 2897 0.48670858416678814
17 2491 0.4225771273642582
17 2748 0.37796447300922714
17 1757 0.36380343755449945
17 1795 0.35355339059327373
17 2079 0.35355339059327373
17 48 0.3241018617760823
18 1613 0.3434182842192855
18 1162 0.31869640430843
18 1496 0.316069770620507
18 2246 0.29424494316824995
18 1852 0.2823138692962342
18 1223 0.27994625547792706
18 2897 0.27623182989113965
19 371 0.5883484054145521
19 199 0.4999999999999999
19 2348 0.4999999999999999
19 2417 0.4999999999999999
19 2714 0.47471266327754125
19 2042 0.4714045207910316
19 2509 0.4714045207910316
20 1961 0.37953605763829484
20 2133 0.3535533905932738
20 2630 0.35176323534072423
20 2170 0.3450327796711771
20 371 0.3396831102433787
20 1481 0.33333333333333337
20 2172 0.33333333333333337
21 3166 0.3706246583305507
21 1919 0.3418817293789138
21 1967 0.3418817293789138
21 1980 0.3418817293789138
21 2120 0.3418817293789138
21 2004 0.3367175148507368
21 1429 0.3289758474798845
22 3166 0.28306925853614906
22 2004 0.2828894749305018
22 356 0.2581988897471611
22 740 0.2581988897471611
22 371 0.2401922307076307
22 1269 0.23570226039551587
22 1929 0.23054198381035199
23 3166 0.4902903378454602
23 2004 0.4899789435061113
23 1778 0.4472135954999579
23 1941 0.4472135954999579
23 2914 0.43852900965351466
23 2454 0.4308202184276646
23 2276 0.4271210980886247
24 2727 0.31139957766460924
24 3043 0.3077287274483318
24 2912 0.2901294265928297
24 3120 0.28038607704602214
24 987 0.280056016805602
24 2342 0.2775680550013505
24 2999 0.2668802563418119
25 2318 0.8660254037844386
25 3048 0.5891649892987403
25 2535 0.5444357229372965
25 1653 0.5188052414005404
25 1533 0.5163977794943221
25 1518 0.5118745001228026
25 3136 0.5078333750770082
26 1591 0.4675245822121844
26 1680 0.4480896268889628
26 2319 0.44721359549995787
26 2379 0.4435628112000315
26 3128 0.4282983661489498
26 2541 0.40824829046386313
26 2632 0.40655781409087083
27 2798 0.5042194840896107
27 2319 0.48448139512495436
27 2740 0.43652168457289975
27 1591 0.420772123990966
27 2379 0.40323891927275596
27 2988 0.39223227027636814
27 1680 0.3920784235278425
28 2776 0.43256281844410943
28 1685 0.41121980934985564
28 3032 0.4093144930903808
28 2949 0.35502347340234663
28 2890 0.3341076278338226
28 1695 0.3302891295379082
28 2197 0.3259046990032056
29 1539 0.43082021842766455
29 1537 0.3418817293789138
29 1538 0.3418817293789138
29 2089 0.3418817293789138
29 1840 0.31980107453341566
29 2462 0.31980107453341566
29 3037 0.30725493389951347
30 1926 0.3685770701003708
30 2501 0.3559953275919878
30 2629 0.34914862437758787
30 1591 0.32726720754852906
30 202 0.3230291412348993
30 1033 0.3068974527617131
30 1519 0.2971334519846063
31 3047 0.413286633944312
31 2125 0.2917299829957891
31 1686 0.22828105867869258
31 1929 0.22003822449269078
31 2370 0.21768964474989308
31 1144 0.19750213213679893
31 198 0.1944866553305261
32 3139 0.5273599014036482
32 2177 0.42862041656136673
32 1504 0.36791042420672176
32 2619 0.3645701474408777
32 1839 0.36369648372665386
32 1481 0.3563483225498992
32 2172 0.3563483225498992
33 2805 0.24709986774669515
33 1404 0.22488822255440175
33 1954 0.22473328748774737
33 2043 0.22473328748774737
33 2325 0.2162249910469342
33 1782 0.20717387241835472
33 1104 0.2038588765750502
34 1524 0.2502444988359418
34 1893 0.24174688920761409
34 1667 0.23145502494313788
34 1755 0.22237479499833038
34 1633 0.21128856368212912
34 1803 0.20203050891044214
34 2291 0.20203050891044214
35 1397 0.2899648288845558
35 2090 0.27386127875258304
35 3071 0.24771684715343104
35 393 0.24494897427831777
35 1220 0.23094010767585027
35 1221 0.23094010767585027
35 284 0.22056438662814232
36 1824 0.37768928951951825
36 2110 0.35355339059327373
36 371 0.3396831102433787
36 3184 0.3364632924552266
36 1395 0.31362502409359005
36 2389 0.3118047822311617
36 1162 0.31165114596549975
37 2265 0.4644595313372305
37 2651 0.4361391879943235
37 2956 0.38529677944076124
37 2376 0.36735402487496543
37 618 0.3478505426185217
37 3103 0.3144716283916422
37 2912 0.2860387767736776
38 2651 0.5779476312420072
38 2958 0.4399833382245683
38 2956 0.4399833382245682
38 3103 0.424297218227056
38 2265 0.39583333333333315
38 3031 0.38301617314271313
38 2941 0.3638034375544995
39 2651 0.5095757071548647
39 1861 0.4756826250708516
39 2956 0.4376677311613231
39 2406 0.4022386541310223
39 2178 0.3938032805565123
39 1614 0.3623588728715645
39 2265 0.3592106040535496
40 1162 0.4952253099887873
40 2316 0.4680644144838605
40 3198 0.4373740168406953
40 1098 0.4352993801025773
40 2406 0.41971449450832005
40 1588 0.41963979908441684
40 1835 0.4173919355648411
41 2371 0.4471359744639658
41 1951 0.4319297483312999
41 3137 0.41335896394651395
41 3082 0.37565326556728
41 2435 0.36784039189736223
41 2629 0.3422937415979126
41 1484 0.3413844466002365
42 2318 0.3903600291794132
42 462 0.3798685881987934
42 1653 0.3653920476209349
42 2402 0.3536842151641131
42 3048 0.3144854510165756
42 192 0.3086066999241838
42 436 0.3086066999241838
43 2310 0.24706634677146838
43 2977 0.21424199589001588
43 1659 0.20870354281618955
43 2504 0.20519567041703082
43 1260 0.20246457179963148
43 2569 0.20192209435532607
43 1525 0.19393978969490372
44 1404 0.32496684180984065
44 2829 0.314970394174356
44 931 0.25819888974716115
44 1260 0.2547623326825342
44 2523 0.2525907427704614
44 2325 0.24549512651549152
44 525 0.21650635094610968
45 2319 0.3638034375544994
45 3137 0.3429971702850177
45 3089 0.3309112606779028
45 2318 0.3131121455425747
45 1951 0.2892406104248749
45 2344 0.28712160305702383
45 1591 0.2789058845671041
46 1457 0.35269337134192436
46 1653 0.3100454335972812
46 1699 0.30952380952380953
46 329 0.30240736837950316
46 891 0.2849014411490949
46 1032 0.28203803740888306
46 2990 0.2652390597064653
47 1032 0.4213749140395262
47 1699 0.37848905962255797
47 2882 0.3691751922605922
47 2288 0.3516107748438625
47 1236 0.3426241444320964
47 3134 0.31782086308186425
47 651 0.31622776601683794
48 2509 0.5229763603684907
48 1863 0.49613893835683376
48 371 0.48953546389837904
48 3069 0.4854042890752184
48 1729 0.4730499167912661
48 2223 0.4730499167912661
48 2510 0.4730499167912661
49 3134 0.4944132324730444
49 3012 0.4692810662077935
49 1032 0.45289472989165636
49 1699 0.4507489358552088
49 651 0.4472135954999579
49 2070 0.4472135954999579
49 2882 0.421690147673812
50 1811 0.40430377003132
50 3134 0.390867979985286
50 634 0.3779644730092272
50 1032 0.3768891807222045
50 891 0.3731012536223182
50 2288 0.3724226498710656
50 1457 0.37115374447904503
51 2714 0.461549747063179
51 2863 0.4196271637081411
51 3075 0.4193139346887673
51 371 0.41602514716892186
51 1924 0.4054424270396916
51 1811 0.40430377003132
51 3156 0.39629696195060854
52 3070 0.4758309514308867
52 2721 0.373717546375968
52 1928 0.34421419541075715
52 3048 0.31201886037669146
52 1541 0.28867513459481287
52 1533 0.2886751345948128
52 605 0.28306925853614895
53 1887 0.29095718698132317
53 139 0.2672612419124244
53 514 0.2672612419124244
53 569 0.2672612419124244
53 2769 0.23294541397390264
53 2986 0.20766965266046608
53 2981 0.18801358719183267
54 3170 0.39043440472151514
54 2842 0.38636363636363646
54 2958 0.3807548119251072
54 2651 0.3743524429635728
54 3104 0.3415650255319866
54 3103 0.3381118457746853
54 2470 0.33709993123162124
55 1739 0.3810317377662722
55 1896 0.2927700218845599
55 1898 0.2927700218845599
55 1355 0.27386127875258304
55 1993 0.2581988897471611
55 2650 0.24012009007506568
55 3064 0.2088931871468374
56 2327 0.3508232077228117
56 2842 0.25873180855923106
56 1162 0.24140393963016743
56 1253 0.24012009007506568
56 99 0.23904572186687872
56 1703 0.23904572186687872
56 3198 0.2214037213850238
57 1106 0.29814239699997197
57 3140 0.27406406388125953
57 3077 0.2726657336962734
57 1137 0.24494897427831777
57 1 0.24343224778007383
57 2802 0.23313610105169924
57 196 0.20701966780270625
58 1344 0.34020690871988585
58 1411 0.2638276134787854
58 2634 0.2614881801842454
58 1518 0.2516098041413563
58 1631 0.24618298195866548
58 2435 0.24618298195866542
58 1474 0.24498947175305572
59 2905 0.362977004320314
59 2631 0.32714432804381244
59 1116 0.3225992952145052
59 1806 0.3143473067309657
59 3098 0.31277162108561213
59 2000 0.31121939502245094
59 3134 0.3111879571320711
60 3087 0.4282593998234222
60 1518 0.4211552254019317
60 2371 0.3770230905437056
60 3025 0.37161167647860344
60 2379 0.347826612970701
60 2188 0.3405940346738683
60 2319 0.33432392491786583
61 634 0.329914439536929
61 3134 0.2791452631195414
61 2711 0.2668667601595311
61 1032 0.2302830932359191
61 1935 0.2279211529192759
61 1236 0.22291128503014113
61 2631 0.21398024625545656
62 1961 0.23904572186687867
62 2327 0.19611613513818402
62 2932 0.19364916731037085
62 2214 0.1889822365046136
62 1887 0.17677669529663687
62 2664 0.1677050983124842
62 2484 0.16415269654937484
63 371 0.4803844614152614
63 3166 0.45291081365783853
63 199 0.40824829046386296
63 2348 0.40824829046386296
63 2417 0.40824829046386296
63 2767 0.4069940684815212
63 2973 0.3928371006591932
64 2857 0.2138963159732494
64 1588 0.18856180831641267
64 2513 0.17868542247296576
64 1549 0.17868542247296573
64 1853 0.1758816176703622
64 1972 0.1735852146410985
64 2168 0.1735852146410985
