1 1071 0.552422157047008
1 1938 0.5433050710101979
1 2371 0.5421393180573578
1 2319 0.5073866603243365
1 1680 0.5058836343371934
1 1572 0.4836434091130802
1 1591 0.48150636505720035
1 1571 0.4594229188737666
1 2629 0.45856283575625034
1 1341 0.4576043153224294
2 356 0.12909944487358055
2 740 0.12909944487358055
2 136 0.11785113019775793
2 1345 0.10318900913086165
2 597 0.10206207261596574
2 1183 0.091060181598355
2 1755 0.08006407690254358
2 2434 0.0792770058593373
2 1397 0.07481320020807247
2 3202 0.06765978755285704
3 1496 0.4352972541313767
3 2652 0.37185128788292693
3 205 0.35167855627707406
3 1162 0.31099779076102363
3 1134 0.3065361209826387
3 799 0.29537732828464847
3 1149 0.2857142857142857
3 1459 0.28128433856309726
3 2971 0.2761005356111398
3 1788 0.2659080117391552
4 3101 0.2857144986922354
4 2939 0.2703133878819776
4 2377 0.21723038637912695
4 824 0.20327890704543541
4 3128 0.19630341781826866
4 2914 0.19535918326127272
4 2438 0.1921537845661045
4 1087 0.17770382493169082
4 2152 0.1746517852718173
4 1610 0.1732050807568877
5 2985 0.24602378897377794
5 2003 0.22032632461961604
5 3011 0.21186580232281743
5 267 0.1951800145897066
5 2716 0.19500812550784777
5 1675 0.17751330471385698
5 2105 0.17712297710801903
5 3144 0.17589802559048373
5 1742 0.169277791692336
5 1829 0.16778021206373878
6 356 0.22360679774997896
6 740 0.22360679774997896
6 136 0.20412414523193154
6 2826 0.15569978883230456
6 2306 0.15
6 1755 0.1386750490563073
6 438 0.1336306209562122
6 1397 0.12958026383720403
6 2804 0.12329924047901797
6 2828 0.11211526391279038
7 356 0.3730019232961255
7 740 0.3730019232961255
7 371 0.3480561827514821
7 2042 0.34752402342845795
7 2509 0.34752402342845795
7 2657 0.3396069664304498
7 1863 0.3296902366978935
7 3141 0.3155876086097467
7 1729 0.3143473067309658
7 2223 0.3143473067309658
8 2371 0.41007219361973263
8 2625 0.4075174922643583
8 2951 0.4030123753201218
8 1685 0.3762405033566649
8 2776 0.37065236754955916
8 1505 0.3530939318018998
8 1695 0.3521842939117519
8 1611 0.3254550091690721
8 2500 0.3015650827805254
8 492 0.30015011259383206
9 2371 0.5760230254359426
9 3068 0.49354811679282456
9 1685 0.4490523677829849
9 2319 0.4393028273095693
9 1591 0.43773305914290944
9 1695 0.43580922268022926
9 2951 0.43153043383834444
9 2379 0.42539177213907675
9 2776 0.41710377264312454
9 3087 0.4050921179675386
10 2785 0.5659164584181103
10 1262 0.5360562674188973
10 1306 0.5238095238095238
10 1162 0.5079153164470183
10 1496 0.48612929244795505
10 1366 0.4700094170487716
10 3198 0.46676002800933647
10 1471 0.4444444444444444
10 1454 0.4374641144954722
10 2316 0.4369260368613933
11 2246 0.48667574409031084
11 2717 0.4216370213557839
11 2906 0.39413171126571717
11 1860 0.3811311300899848
11 1162 0.38093648733526364
11 2316 0.3735717615164913
11 2699 0.3629164800826266
11 3080 0.35633033858675817
11 3198 0.3500700210070024
11 1923 0.3481553119113957
12 2319 0.5770346155078376
12 1591 0.5467284156360553
12 2379 0.5211105891258525
12 2740 0.5123155195785599
12 1680 0.5101881949087905
12 3127 0.49770113724839793
12 3068 0.48666426339228763
12 1462 0.47834460310746046
12 1461 0.47140452079103173
12 2629 0.4470367263629238
13 2897 0.48670858416678814
13 2748 0.4727522389905123
13 1795 0.35355339059327373
13 2491 0.33798173537891885
13 48 0.3241018617760823
13 1362 0.3234231136765757
13 1652 0.3026137663344014
13 1901 0.2966954145484633
13 1947 0.29488391230979427
13 2834 0.2926028679903264
14 2337 0.35355339059327373
14 2348 0.35355339059327373
14 2272 0.34894885925225966
14 2146 0.32038343696031285
14 3054 0.30194054243855883
14 1919 0.30151134457776363
14 1980 0.30151134457776363
14 2950 0.30029302090284665
14 307 0.29814239699997197
14 2191 0.29814239699997197
15 1231 0.4239414922592907
15 2900 0.404293387245813
15 2351 0.365518952064164
15 115 0.3269300895519831
15 2897 0.3068272662023255
15 3085 0.305925000704094
15 1999 0.29877131152932174
15 2835 0.2976804726774095
15 1566 0.29408390998278816
15 1932 0.2881252201542013
16 2740 0.39284947328641956
16 2378 0.36769552621700463
16 2376 0.35138211074996695
16 1680 0.3188500112855183
16 2319 0.316054875374963
16 1591 0.31542644533015046
16 2080 0.30678599553894814
16 2629 0.3056048755212892
16 1519 0.2991122070537606
16 1236 0.296110046131991
17 2897 0.48670858416678814
17 2491 0.4218418652097784
17 2748 0.37877137220324175
17 1757 0.36380343755449945
17 1795 0.35355339059327373
17 2079 0.35355339059327373
17 48 0.3241018617760823
17 1362 0.3234231136765757
17 1652 0.3026137663344014
17 1154 0.3011385992960861
18 1613 0.3434182842192855
18 1162 0.3193015495366159
18 1496 0.31516447123997643
18 2246 0.2934765159481064
18 1852 0.28316837515380944
18 1223 0.27994625547792706
18 2897 0.27623182989113965
18 1134 0.27475419255076383
18 1988 0.2735213117600292
18 249 0.2727272727272727
19 371 0.5901579710218761
19 199 0.4999999999999999
19 2348 0.4999999999999999
19 2417 0.4999999999999999
19 2714 0.47471266327754125
19 2042 0.4714045207910316
19 2509 0.4714045207910316
19 2146 0.45613147823051664
19 1842 0.4472135954999579
19 1863 0.4472135954999579
20 1961 0.37953605763829484
20 2133 0.3535533905932738
20 2630 0.35176323534072423
20 2170 0.3465073348566573
20 371 0.34072786343388356
20 1481 0.33333333333333337
20 2172 0.33333333333333337
20 2461 0.33333333333333337
20 2506 0.33333333333333337
20 2490 0.3265986323710904
21 3166 0.3458335296723595
21 1919 0.31980107453341566
21 1967 0.31980107453341566
21 1980 0.31980107453341566
21 2120 0.31980107453341566
21 2004 0.3149703941743559
21 1429 0.3077287274483318
21 2118 0.30618621784789724
21 1525 0.30064240669321385
21 371 0.29507898551093803
22 2384 0.35355339059327373
22 2441 0.35355339059327373
22 2564 0.35355339059327373
22 2637 0.35355339059327373
22 2638 0.35355339059327373
22 2473 0.3333333333333333
22 2751 0.2906591794880899
22 2004 0.26726124191242434
22 1915 0.24967345099012492
22 2924 0.24709292441265424
23 2004 0.4899789435061113
23 3166 0.489082467986009
23 1778 0.4472135954999579
23 1941 0.4472135954999579
23 2914 0.4403592881058919
23 2454 0.43263065661185346
23 2276 0.42480135740902764
23 371 0.4173047032808626
23 2954 0.41247895569215276
23 711 0.4082482904638631
24 2727 0.31139957766460924
24 3043 0.3077287274483318
24 2912 0.2901294265928297
24 3120 0.28038607704602214
24 987 0.280056016805602
24 2342 0.2780611325651865
24 2999 0.2668802563418119
24 2307 0.2541642838876744
24 1588 0.24630442256171994
24 141 0.23570226039551587
25 2318 0.8660254037844386
25 3048 0.5881727259242211
25 2535 0.5456473717552697
25 1533 0.5163977794943221
25 1653 0.514829935517918
25 1518 0.5119149106349848
25 3136 0.5078333750770082
25 2859 0.5017961639948892
25 3070 0.4981354813867178
25 2542 0.4889012070387046
26 1591 0.47148999750091614
26 1680 0.45092201032279444
26 2319 0.44696909120941103
26 2379 0.44316876002102334
26 3128 0.4282983661489498
26 2541 0.40906035090600745
26 2632 0.40655781409087083
26 617 0.40636055880275845
26 2740 0.3968378950662725
26 972 0.3946648814672956
27 2798 0.5061361146259952
27 2319 0.48356305189322246
27 2740 0.43652168457289975
27 1591 0.4234940097313618
27 2379 0.40365052664335244
27 1680 0.3951900764626738
27 2988 0.3916639140194841
27 3068 0.37696851746252596
27 2859 0.374703685777843
27 1462 0.3705241363166782
28 2776 0.43295668855463165
28 1685 0.4128059490742084
28 3032 0.4117447716219177
28 2949 0.35269601532513767
28 1695 0.33452349339861015
28 2890 0.332128613852409
28 2197 0.326867875809145
28 2951 0.3178477870454581
28 1611 0.3156222788054344
28 1261 0.2951279222957502
29 1539 0.4920061210914367
29 1537 0.40406101782088427
29 1538 0.40406101782088427
29 2089 0.40406101782088427
29 1933 0.3961441773065244
29 1840 0.3779644730092272
29 2462 0.3779644730092272
29 1841 0.3563483225498992
29 2770 0.33502969713024494
29 1268 0.3273268353539886
30 1926 0.3693777256668971
30 2501 0.3559953275919878
30 2629 0.34627315926933716
30 1591 0.32750203419225316
30 202 0.3230291412348993
30 1033 0.3089211194860527
30 3087 0.2971485528043351
30 1519 0.29635927644762267
30 3025 0.2950932406476047
30 1393 0.293012676646311
31 3047 0.41437734742815535
31 2125 0.2917299829957891
31 1686 0.22828105867869258
31 1929 0.22003822449269078
31 2370 0.21720651872420163
31 1144 0.19678068229287923
31 198 0.1944866553305261
31 2829 0.19131338305769607
31 3043 0.18659112407133685
31 533 0.18186849719102058
32 3139 0.5288118547096248
32 2177 0.42992838271500694
32 1504 0.3675988522537398
32 2619 0.3637413462743274
32 1839 0.36327330183027556
32 1481 0.35646973537895055
32 2172 0.35646973537895055
32 2461 0.35646973537895055
32 1847 0.3503801838694044
32 2059 0.34992527793561423
33 2805 0.2500828536701909
33 1404 0.22717035765405846
33 1954 0.22680460581325723
33 2043 0.22680460581325723
33 2325 0.21864387991432777
33 1782 0.2095270892898357
33 1104 0.20573779994945587
33 1809 0.18511021359099045
33 1766 0.18257418583505536
33 2778 0.18144368465060579
34 1524 0.2502444988359418
34 1893 0.24174688920761409
34 1667 0.23145502494313788
34 1755 0.22237479499833038
34 1633 0.2117598511776009
34 1803 0.20203050891044214
34 2291 0.20203050891044214
34 2458 0.20203050891044214
34 503 0.1781741612749496
34 640 0.1781741612749496
35 1397 0.2899648288845558
35 2090 0.27386127875258304
35 3071 0.24771684715343104
35 393 0.24494897427831777
35 1220 0.23094010767585027
35 1221 0.23094010767585027
35 284 0.22056438662814232
35 1386 0.2166945355543845
35 3203 0.2161589042285887
35 371 0.21549522214677447
36 2110 0.5455447255899809
36 2061 0.4423828926930928
36 1265 0.4353898039300706
36 1350 0.4312277796808776
36 2030 0.40942662547078756
36 2084 0.35856858280031806
36 1824 0.350444393373235
36 1768 0.34503277967117707
36 2739 0.3204674712561381
36 2698 0.3188799261352824
37 2265 0.4387332414237104
37 2651 0.4122408583700347
37 2376 0.39233176821921345
37 2956 0.3633480721490976
37 618 0.32867107634280457
37 3103 0.2968403167230475
37 2912 0.2856515064215751
37 1719 0.26343879431418815
37 2941 0.2531913722230696
37 1482 0.24608512726267806
38 2651 0.5788965122990524
38 2958 0.4399833382245683
38 2956 0.4399833382245682
38 3103 0.424297218227056
38 2265 0.3966550841794494
38 3031 0.38301617314271313
38 2941 0.3638034375544995
38 2243 0.2721655269759087
38 3105 0.26948402781814773
38 2470 0.26868617834438807
39 2651 0.5154805106372953
39 1861 0.4553696205012412
39 2956 0.4175054723045921
39 2406 0.38546447147631613
39 2178 0.3758255857683951
39 2940 0.3507336401300907
39 1614 0.34686744057907276
39 2265 0.3432345199158238
39 2958 0.31247593546701646
39 3105 0.3049716849893094
40 1162 0.4949758051079252
40 2316 0.467760404393725
40 1098 0.43881483360466733
40 3198 0.4373740168406953
40 1588 0.4219619155455779
40 2406 0.42110396951125195
40 1835 0.4173919355648411
40 1485 0.4058505688329761
40 1306 0.4015896734278442
40 1421 0.39427284028070575
41 2371 0.44292688832678595
41 1951 0.4271303824878161
41 3137 0.4096016923178164
41 3082 0.372005162466205
41 2435 0.3641224020674684
41 2914 0.34545830328219174
41 1484 0.33902988824841507
41 3089 0.33698538115059545
41 2629 0.33694117303831517
41 3072 0.33532546110306277
42 2318 0.3903600291794132
42 462 0.38144780352211
42 1653 0.36331744323792114
42 2402 0.3536842151641131
42 3048 0.31362566676979503
42 192 0.3086066999241838
42 436 0.3086066999241838
42 1030 0.30797365987311964
42 80 0.30304576336566325
42 2494 0.3013947961873405
43 2310 0.24706634677146838
43 2977 0.21424199589001586
43 1659 0.20826306544212408
43 2504 0.20519567041703082
43 1260 0.2035575172925297
43 2569 0.20140556227890827
43 1525 0.19428760102573397
43 2894 0.19242064284886287
43 824 0.1917162249727194
43 93 0.19169297766792162
44 1404 0.32539360655775995
44 2829 0.314970394174356
44 931 0.25819888974716115
44 1260 0.2561375922688936
44 2523 0.25306806806567944
44 2325 0.2459743649036188
44 525 0.21650635094610968
44 1809 0.2082489902898643
44 633 0.20412414523193154
44 1002 0.19583736295016008
45 2319 0.364313316722507
45 3137 0.3429971702850177
45 3089 0.3309112606779028
45 2318 0.3131121455425747
45 1951 0.2889182344672648
45 2344 0.2872563494348192
45 1591 0.2801996857141724
45 1680 0.27477168016806913
45 3068 0.27258651025455277
45 1719 0.27157815174814826
46 1457 0.35269337134192436
46 1699 0.30952380952380953
46 1653 0.30920808260608035
46 329 0.3034463677018163
46 891 0.2849014411490949
46 1032 0.28203803740888306
46 2990 0.2657176948689739
46 2631 0.2624590239317823
46 2519 0.24365796154926905
46 1746 0.23350592102088408
47 1032 0.4213749140395262
47 1699 0.37848905962255797
47 2882 0.3696605588605287
47 2288 0.3533003869936435
47 1236 0.3426241444320964
47 3134 0.3178618768482747
47 651 0.31622776601683794
47 2070 0.31622776601683794
47 2990 0.30117082668277245
47 275 0.29814239699997197
48 2509 0.5250962598038906
48 1863 0.4981500515447443
48 371 0.4942672305819999
48 3069 0.4862778857498542
48 1729 0.4749674379786772
48 2223 0.4749674379786772
48 2510 0.4749674379786772
48 3166 0.46248967500921623
48 1539 0.44228051064423596
48 1842 0.43634948124032114
49 3134 0.49368839531109315
49 3012 0.4692810662077935
49 1032 0.45289472989165636
49 1699 0.4507489358552088
49 651 0.4472135954999579
49 2070 0.4472135954999579
49 2882 0.4227323254568551
49 275 0.4216370213557839
49 2319 0.4214065004999507
49 1959 0.4131182235954578
50 1811 0.40390566038737963
50 3134 0.3915418946030884
50 634 0.3779644730092272
50 1032 0.3768891807222045
50 2288 0.3746708637923723
50 891 0.3731012536223182
50 1457 0.37115374447904503
50 1699 0.3563483225498992
50 651 0.35355339059327373
50 657 0.35355339059327373
51 2714 0.461549747063179
51 3075 0.4200169685828777
51 2863 0.4196271637081411
51 371 0.4173047032808626
51 1924 0.40710397641565155
51 1811 0.40390566038737963
51 3156 0.39772688065696565
51 3006 0.3830654388414368
51 1613 0.3796631983009996
51 2862 0.36099681297855096
52 3070 0.47617720130970814
52 2721 0.37510721042892986
52 1928 0.3456042574244937
52 3048 0.3111658196398844
52 1541 0.29102116631970326
52 1533 0.2886751345948128
52 605 0.28450446301833343
52 1261 0.2815886515374843
52 1344 0.27777777777777773
52 2749 0.26442288592797236
53 1887 0.2915578705500189
53 139 0.2672612419124244
53 514 0.2672612419124244
53 569 0.2672612419124244
53 2769 0.23294541397390264
53 2986 0.20726802004675984
53 2981 0.18809497255970595
53 1948 0.18005965464253745
53 2806 0.1649572197684645
53 373 0.1543033499620919
54 3170 0.39168653621029387
54 2842 0.3858467724848501
54 2958 0.3807548119251072
54 2651 0.37471565644835164
54 3104 0.3415650255319866
54 3103 0.3381118457746853
54 2470 0.336529438376346
54 2939 0.3336722691626657
54 3031 0.33145630368119416
54 3133 0.32998750366842616
55 1739 0.3813281630171767
55 1896 0.2939422494308181
55 1898 0.2939422494308181
55 1355 0.2749577972169422
55 1993 0.2592326972696206
55 2650 0.24047880776342212
55 3064 0.20839444038496843
55 1162 0.19552736233866347
55 2921 0.19357452739395098
55 2998 0.18987542274772218
56 2327 0.3508232077228117
56 2842 0.2577791469458266
56 1162 0.24092538876866376
56 1703 0.24027800678359207
56 99 0.23904572186687872
56 1253 0.23860580994482736
56 3198 0.2214037213850238
56 2705 0.2131025971009744
56 1 0.21081851067789195
56 2316 0.20725221682690345
57 1106 0.29814239699997197
57 3140 0.27406406388125953
57 3077 0.27160061645169786
57 1137 0.24494897427831777
57 1 0.24343224778007383
57 2802 0.23555508444585774
57 196 0.20701966780270625
57 437 0.20701966780270625
57 1715 0.20701966780270625
57 2939 0.19973751763314473
58 1344 0.34020690871988585
58 1411 0.2650310929321865
58 2634 0.2614881801842454
58 1518 0.2519609773973013
58 1631 0.24618298195866548
58 2435 0.2460104625305076
58 1474 0.24498947175305572
58 2188 0.23771235824482545
58 1910 0.23372483001886835
58 1885 0.2335326996696795
59 2905 0.362977004320314
59 2631 0.3283663403257574
59 1116 0.3225992952145052
59 1806 0.315754791439798
59 3098 0.3141421104368435
59 2000 0.31121939502245094
59 3134 0.3109681081637709
59 3046 0.2991164437430891
59 1441 0.2977610834861518
59 1610 0.29611004613199104
60 3087 0.43164235352283864
60 1518 0.42176436408385665
60 2371 0.37742005524254074
60 3025 0.3715799480457723
60 2379 0.3483759884401334
60 2188 0.3420672379085714
60 2319 0.3360372440256882
60 1591 0.333928067521241
60 2955 0.3338771525171842
60 1083 0.33259715676155754
61 634 0.31524416249564025
61 3134 0.26728696922437833
61 2711 0.25500001886094886
61 1032 0.22004311471167598
61 1935 0.21778620259218834
61 1236 0.21299910806810246
61 2631 0.20476777402336557
61 2307 0.20194537532235862
61 1457 0.18917776913478015
61 239 0.18860838403857946
62 1961 0.23904572186687867
62 2327 0.19611613513818402
62 2932 0.19364916731037085
62 2214 0.1889822365046136
62 1887 0.17692050164931067
62 2664 0.16812256055934427
62 2484 0.16415269654937484
62 1424 0.15651924904438227
62 1262 0.15161960871578065
62 1948 0.14586499149789453
63 371 0.4818619655466059
63 3166 0.4514568613426482
63 199 0.40824829046386296
63 2348 0.40824829046386296
63 2417 0.40824829046386296
63 2767 0.40782585808456023
63 2973 0.39234619193728787
63 2714 0.3876012664892074
63 2004 0.3857583749052297
63 2042 0.3849001794597505
64 2857 0.17118754827021448
64 1588 0.1510398541165284
64 2513 0.1423411143853552
64 1549 0.14234111438535518
64 1853 0.14073268857830015
64 1972 0.13827828006827633
64 2168 0.13827828006827633
64 2998 0.13614080458762234
64 1878 0.13475753732080697
64 527 0.13266748953874719
